3.68148148148
3.8
3.0
4.35714285714
2.95604395604
3.58181818182
3.89201877934
3.6
4.16666666667
4.21276595745
3.53333333333
4.28
3.13672922252
4.21951219512
3.03333333333
4.34782608696
3.15789473684
3.93710691824
3.6
3.30769230769
2.66315789474
3.3
3.63636363636
4.39024390244
4.0487804878
2.90909090909
3.3
3.64102564103
3.94117647059
3.8
3.91304347826
3.54545454545
3.64285714286
3.8
3.0
4.0
3.45945945946
3.90476190476
3.84615384615
2.72727272727
3.93548387097
3.625
3.67857142857
3.6375
3.48275862069
4.18181818182
3.5625
3.72727272727
2.72897196262
3.53846153846
3.75
4.34285714286
4.0
3.33333333333
3.8
3.65217391304
3.62962962963
3.875
4.02325581395
4.13445378151
2.83333333333
3.31707317073
2.97916666667
3.59633027523
3.97916666667
3.52380952381
3.41666666667
3.16666666667
3.73684210526
3.4025974026
3.81818181818
3.76712328767
3.64705882353
3.7619047619
3.18181818182
3.4
3.46153846154
3.35714285714
4.18518518519
3.92857142857
3.56666666667
3.12790697674
3.39743589744
3.74418604651
3.54716981132
3.63636363636
3.77876106195
4.09090909091
4.15
4.25
3.9
3.23039215686
3.0
3.66063348416
3.48407643312
4.25
3.97142857143
3.875
3.65079365079
3.02941176471
3.0
2.5625
3.4
2.79365079365
3.3125
3.71428571429
2.76923076923
3.41176470588
3.5
3.08536585366
3.5
3.91666666667
3.8064516129
3.62962962963
4.04081632653
3.05681818182
3.72222222222
4.64285714286
3.87755102041
3.57142857143
3.67391304348
3.97058823529
3.93103448276
3.5
3.44444444444
3.69565217391
4.18181818182
3.57843137255
2.86666666667
4.07865168539
4.06666666667
3.70588235294
3.27777777778
3.58333333333
3.45
4.55
4.08333333333
4.2962962963
3.93333333333
3.6
3.44615384615
3.8
3.73333333333
3.66666666667
3.31891891892
3.68421052632
4.3
4.0
3.0
3.8
4.0843373494
4.28571428571
3.07692307692
3.96296296296
2.63636363636
3.77777777778
3.7037037037
3.83838383838
3.40579710145
4.09090909091
2.52941176471
3.35
3.07692307692
4.06060606061
4.0
3.3
3.81578947368
3.25714285714
3.95652173913
3.66666666667
3.42105263158
3.0
4.18518518519
3.80208333333
3.82608695652
3.64285714286
3.73015873016
3.71895424837
2.91304347826
3.85294117647
1.51834862385
4.14285714286
3.16666666667
3.71428571429
3.875
3.33333333333
4.20588235294
3.89655172414
3.96330275229
3.38888888889
4.0
3.45
3.27868852459
2.94444444444
3.22448979592
3.2380952381
3.19230769231
3.25471698113
3.15789473684
4.0
3.14418604651
2.84615384615
3.27272727273
3.63157894737
2.8
1.87878787879
3.21804511278
3.72727272727
3.375
3.98571428571
3.38095238095
4.23529411765
4.23880597015
3.87301587302
3.86
3.93150684932
3.05405405405
3.60606060606
4.125
3.8
3.61445783133
3.03286384977
3.19230769231
3.09375
4.8
3.64516129032
3.27777777778
2.85714285714
3.13333333333
3.92
3.6
3.89361702128
4.35294117647
3.10431654676
3.89361702128
3.35714285714
4.11111111111
3.21428571429
4.11627906977
3.6
3.33333333333
4.27272727273
3.55555555556
3.7094017094
3.30769230769
2.95495495495
3.8
3.19047619048
4.19101123596
3.83076923077
3.72727272727
4.54545454545
3.94642857143
3.15294117647
2.47826086957
4.06956521739
4.25806451613
3.625
3.81481481481
4.16666666667
4.1
3.20731707317
4.05
4.19047619048
3.62962962963
3.1875
3.99056603774
2.93296089385
2.8502994012
4.29166666667
3.5900621118
4.38709677419
3.5
4.02564102564
3.0625
3.41608391608
3.28571428571
4.16666666667
3.17355371901
3.65306122449
3.29411764706
3.4
4.07142857143
3.60714285714
3.8125
3.83544303797
3.85714285714
3.72093023256
2.61538461538
3.41772151899
3.6936416185
4.14285714286
3.0976744186
3.5
4.29
4.25675675676
3.40860215054
4.19230769231
3.50649350649
3.75
3.58940397351
2.5
3.36594202899
3.46153846154
3.424
3.33333333333
3.66666666667
3.83486238532
3.81818181818
3.0
3.75675675676
4.48461538462
3.64705882353
3.67142857143
3.97777777778
3.11363636364
3.58333333333
3.6875
3.25
3.73417721519
3.81944444444
4.22222222222
3.63636363636
4.39215686275
3.35526315789
3.22123893805
3.28
3.40828402367
3.2972972973
4.44705882353
3.65
4.13793103448
3.78571428571
3.53211009174
3.61538461538
3.01176470588
4.04761904762
4.12195121951
4.06329113924
4.11111111111
3.66666666667
3.4765625
3.9872611465
3.69724770642
3.66417910448
3.32835820896
3.60330578512
3.77419354839
3.35714285714
4.4
4.13333333333
3.79310344828
3.28571428571
3.71710526316
4.1
3.46666666667
4.05769230769
3.71428571429
4.14285714286
3.97101449275
3.75641025641
3.27777777778
3.08612440191
3.35714285714
3.36842105263
4.35294117647
4.11428571429
3.3125
4.0
3.67857142857
4.10256410256
4.22727272727
3.71794871795
3.31958762887
3.9375
3.63636363636
4.0
3.4053030303
4.01470588235
3.16379310345
3.79775280899
3.54545454545
4.42307692308
4.1875
3.30693069307
3.83333333333
3.33333333333
4.11904761905
3.70792079208
3.75
3.75789473684
4.07407407407
3.33968253968
3.808
3.82608695652
3.30769230769
3.8375
3.62307692308
2.92
3.64705882353
3.11504424779
3.83333333333
3.63829787234
3.25
1.84879725086
3.47445255474
3.47872340426
3.78260869565
3.70322580645
3.08695652174
3.74
3.94594594595
3.675
3.95454545455
4.28571428571
3.85131894484
3.23432343234
2.86666666667
4.1724137931
4.21875
3.81818181818
3.4125
3.52941176471
3.3
2.94382022472
3.81609195402
4.58333333333
3.9375
3.37087912088
3.50819672131
3.27777777778
3.66666666667
3.45945945946
3.73170731707
3.3083573487
3.74603174603
3.57142857143
4.06896551724
3.71428571429
4.14583333333
3.5
3.14516129032
3.375
3.71428571429
2.00819672131
2.74285714286
3.57480314961
3.37142857143
3.74626865672
3.85829959514
2.73626373626
3.4387755102
3.27516778523
2.97333333333
3.5
3.46948356808
4.02602230483
3.68333333333
3.38461538462
3.41791044776
3.0
3.96875
2.86466165414
4.03773584906
3.4375
3.46534653465
3.68181818182
3.99300699301
4.53488372093
3.57894736842
3.38709677419
4.22813688213
3.91428571429
4.08256880734
3.6
3.3734939759
4.45714285714
3.41592920354
3.42079207921
3.73333333333
3.98214285714
3.42307692308
3.05084745763
3.9928057554
3.03846153846
3.22222222222
3.64502164502
3.35714285714
3.7247706422
2.78947368421
3.84848484848
3.52727272727
3.75555555556
3.87234042553
3.95305164319
3.03100775194
3.17921146953
3.28859060403
3.86274509804
3.34222222222
3.76712328767
3.10810810811
4.01875
3.62151394422
3.36607142857
3.67355371901
4.72413793103
3.8275862069
2.51515151515
2.76666666667
3.75
4.33333333333
4.36363636364
3.84020618557
3.0
4.09523809524
3.2972972973
3.64383561644
4.12244897959
3.4347826087
3.14
4.33333333333
4.36
3.49346405229
3.2962962963
3.23529411765
3.83211678832
3.71698113208
3.60465116279
3.88888888889
3.23333333333
4.1204379562
3.38461538462
4.075
3.93577981651
3.87116564417
2.86530612245
3.61728395062
3.98214285714
3.71428571429
3.62406015038
3.48888888889
3.53299492386
2.8064516129
3.50617283951
3.89830508475
3.65217391304
3.67096774194
3.72
3.675
3.80239520958
3.09523809524
4.17
3.5701754386
4.01923076923
4.20454545455
3.75471698113
4.2
3.57894736842
3.39603960396
3.02521008403
3.54166666667
3.76666666667
3.41176470588
4.54285714286
3.44295302013
3.95483870968
3.37037037037
3.48571428571
2.68181818182
3.45
3.25
3.74509803922
3.52173913043
3.15384615385
3.52777777778
3.80319148936
2.66666666667
3.47297297297
3.55319148936
4.03571428571
3.27419354839
4.44444444444
3.54166666667
3.7375
3.32530120482
2.9693877551
3.74222222222
3.44186046512
3.5
3.65476190476
3.81388888889
3.60897435897
3.48
3.19791666667
3.6
3.63414634146
3.68
3.89361702128
3.58426966292
3.08108108108
3.79310344828
3.78723404255
3.2962962963
3.75555555556
3.96610169492
3.83783783784
3.67484662577
2.39285714286
3.73333333333
3.83333333333
3.37037037037
4.32142857143
3.12820512821
3.8640776699
3.62790697674
2.62037037037
3.28703703704
3.50561797753
3.82727272727
3.54970760234
3.39035087719
3.73333333333
3.53191489362
3.43396226415
2.34375
3.29281767956
4.7037037037
4.0826446281
3.32407407407
3.1
3.66101694915
3.31034482759
3.37037037037
3.26470588235
4.45
2.49038461538
3.53731343284
2.95945945946
4.22935779817
4.125
3.62264150943
3.73786407767
4.0
3.95901639344
2.94736842105
3.8275862069
3.25925925926
3.79166666667
3.15434083601
3.28571428571
3.13636363636
2.6925795053
3.68707482993
2.90802919708
2.54166666667
3.24137931034
3.7323943662
3.79057591623
2.58482142857
3.9173553719
3.86956521739
3.53164556962
3.74698795181
3.47887323944
3.66530612245
3.95744680851
3.52173913043
3.38
3.84782608696
3.58064516129
3.24137931034
3.88571428571
3.65853658537
3.70588235294
3.58441558442
3.59183673469
3.42857142857
3.66129032258
4.0
3.22727272727
3.13784461153
3.22666666667
3.48837209302
2.05
4.56338028169
3.47619047619
4.83333333333
3.83333333333
3.14782608696
4.21875
3.275
3.13636363636
4.15286624204
3.28947368421
3.93103448276
3.71428571429
2.84251968504
3.14765100671
3.66666666667
4.21212121212
2.45161290323
3.53191489362
3.77777777778
3.71052631579
3.31034482759
3.49576271186
3.2
3.57246376812
3.6976744186
3.85972850679
3.76543209877
2.96666666667
3.52272727273
3.38323353293
3.88847583643
3.70967741935
3.69230769231
3.10447761194
3.96666666667
3.53571428571
3.61904761905
3.27272727273
2.16470588235
3.8
3.0
3.03726708075
3.57692307692
2.85714285714
3.23684210526
3.38554216867
3.7
3.02803738318
3.609375
3.32075471698
3.0
3.9696969697
3.67567567568
3.6
3.4
3.46153846154
3.46153846154
3.68571428571
3.85185185185
3.1
3.64179104478
4.05460750853
3.72222222222
3.62295081967
3.09090909091
3.54166666667
3.20547945205
3.59649122807
3.38235294118
3.10526315789
3.19266055046
3.36746987952
3.87675070028
4.0625
3.24390243902
2.84848484848
3.04761904762
3.78294573643
3.6880733945
4.08695652174
3.35428571429
4.43243243243
3.265625
3.06896551724
4.296875
3.71428571429
4.0
3.27950310559
2.05803571429
3.78571428571
3.46666666667
4.05555555556
2.95384615385
3.91891891892
3.87272727273
3.78571428571
2.78879310345
3.86666666667
3.84615384615
3.7037037037
3.87179487179
3.14035087719
3.34136546185
3.66666666667
3.01731601732
3.8
3.12765957447
3.50909090909
4.30769230769
3.1320754717
3.60055865922
2.65384615385
3.32635983264
4.0
3.75
4.03846153846
3.49333333333
3.09090909091
3.6656626506
3.34798534799
3.64285714286
3.89215686275
4.13043478261
3.45
4.42307692308
4.14285714286
3.5
2.79310344828
2.97142857143
3.74316939891
3.84
3.36111111111
3.47619047619
4.07142857143
3.0
4.33870967742
3.12
4.00540540541
2.6
3.61379310345
3.82608695652
3.25
3.11538461538
3.546875
3.74528301887
3.52054794521
2.96
3.05617977528
3.92592592593
4.14705882353
3.86
3.04347826087
4.11827956989
3.19298245614
4.13705583756
3.90322580645
3.74074074074
2.73529411765
3.50617283951
3.12903225806
3.74074074074
3.03424657534
4.28666666667
4.86956521739
4.52941176471
3.45933014354
3.4693877551
2.9756097561
3.21198156682
3.34782608696
3.42307692308
3.27272727273
3.42857142857
3.84615384615
3.23943661972
4.0
4.36363636364
3.1214953271
3.8231292517
2.28787878788
2.7
4.26315789474
2.95192307692
2.87234042553
3.45353159851
3.49565217391
3.38028169014
2.9
3.82352941176
4.19101123596
4.19047619048
3.82716049383
3.26865671642
3.68965517241
3.42663043478
3.32046332046
4.05109489051
3.92537313433
3.72093023256
3.3137254902
3.3625
3.92397660819
4.3
3.43558282209
3.85714285714
4.12765957447
4.0
3.42372881356
3.63673469388
3.75
2.98066298343
3.96216216216
3.5
3.52592592593
2.55555555556
3.85483870968
3.44897959184
3.85294117647
3.74468085106
3.275
3.80487804878
4.57142857143
3.55405405405
4.34615384615
3.16666666667
3.80612244898
3.81132075472
3.52272727273
3.08695652174
3.11538461538
3.36593059937
3.54285714286
3.34951456311
3.47004608295
3.23076923077
3.27272727273
3.37007874016
4.14864864865
3.75609756098
3.125
3.3
3.69166666667
4.6875
3.69387755102
2.96825396825
3.72131147541
3.96680497925
2.64673913043
3.70114942529
3.92307692308
3.74647887324
3.375
3.26851851852
4.26530612245
3.45794392523
4.04545454545
4.26582278481
3.41071428571
