# Created by Octave 3.6.4, Sun Sep 15 19:11:28 2013 IST <anant@anant-Inspiron-N5010>
# name: pred
# type: matrix
# rows: 4600
# columns: 3
 1 6 4
 1 10 4
 1 12 4
 1 14 4
 1 17 3
 1 20 3
 1 23 4
 1 24 3
 1 27 3
 1 31 3
 1 33 3
 1 36 2
 1 39 4
 1 44 5
 1 47 4
 1 49 4
 1 51 3
 1 53 3
 1 54 3
 1 56 4
 1 60 4
 1 61 4
 1 62 4
 1 64 5
 1 65 4
 1 67 3
 1 69 3
 1 70 3
 1 72 4
 1 73 3
 1 74 1
 1 76 4
 1 78 2
 1 80 4
 1 81 4
 1 82 4
 1 84 4
 1 85 3
 1 86 4
 1 90 3
 1 91 4
 1 92 4
 1 96 4
 1 97 4
 1 98 4
 1 100 4
 1 102 2
 1 103 1
 1 104 1
 1 107 4
 1 108 4
 1 112 2
 1 113 5
 1 114 5
 1 117 4
 1 118 3
 1 120 2
 1 121 4
 1 125 3
 1 128 3
 1 129 4
 1 130 3
 1 132 4
 1 134 4
 1 140 2
 1 143 3
 1 145 2
 1 148 3
 1 150 4
 1 151 3
 1 154 4
 1 155 3
 1 157 4
 1 159 3
 1 160 4
 1 161 4
 1 163 4
 1 164 4
 1 170 4
 1 171 4
 1 174 4
 1 175 4
 1 177 4
 1 180 4
 1 183 4
 1 184 4
 1 185 4
 1 186 4
 1 188 3
 1 189 4
 1 190 5
 1 193 4
 1 196 4
 1 200 4
 1 201 3
 1 202 4
 1 206 4
 1 208 4
 1 209 4
 1 210 4
 1 212 4
 1 213 3
 1 214 4
 1 215 4
 1 218 3
 1 219 3
 1 221 4
 1 222 4
 1 224 5
 1 225 3
 1 226 4
 1 227 4
 1 228 4
 1 229 3
 1 230 4
 1 232 3
 1 233 3
 1 235 3
 1 236 4
 1 241 4
 1 242 4
 1 243 2
 1 248 4
 1 250 4
 1 252 3
 1 253 5
 1 254 2
 1 255 3
 1 258 4
 1 259 2
 1 260 2
 1 262 4
 1 264 3
 1 265 4
 1 266 2
 1 267 4
 1 272 4
 2 13 4
 2 19 4
 2 50 4
 2 251 4
 2 257 4
 2 279 4
 2 280 4
 2 281 4
 2 290 4
 2 292 4
 2 297 4
 2 298 4
 2 299 4
 2 301 4
 2 303 4
 2 307 3
 2 308 4
 2 312 4
 2 313 4
 2 314 1
 2 315 4
 2 316 4
 3 245 2
 3 264 2
 3 272 3
 3 294 2
 3 299 3
 3 300 3
 3 307 2
 3 318 4
 3 323 2
 3 324 3
 3 327 3
 3 328 3
 3 330 3
 3 331 3
 3 332 3
 3 334 3
 3 335 1
 3 337 2
 3 341 1
 3 343 2
 3 345 3
 3 348 3
 3 349 3
 3 350 3
 3 351 3
 3 354 3
 4 50 5
 4 260 3
 4 264 4
 4 288 4
 4 294 4
 4 303 4
 4 354 4
 4 356 4
 4 357 5
 4 361 5
 5 1 3
 5 2 3
 5 17 3
 5 24 3
 5 40 3
 5 42 4
 5 62 3
 5 69 3
 5 79 3
 5 80 2
 5 89 4
 5 90 2
 5 94 3
 5 98 3
 5 100 4
 5 102 2
 5 109 3
 5 110 1
 5 139 3
 5 143 3
 5 144 3
 5 153 4
 5 154 3
 5 167 2
 5 173 4
 5 176 3
 5 185 3
 5 209 4
 5 211 3
 5 214 3
 5 219 2
 5 222 3
 5 225 2
 5 227 3
 5 230 3
 5 231 2
 5 234 3
 5 241 2
 5 243 2
 5 259 2
 5 267 4
 5 363 3
 5 364 1
 5 369 1
 5 370 1
 5 372 3
 5 376 2
 5 377 1
 5 379 3
 5 382 3
 5 384 3
 5 385 3
 5 388 2
 5 389 2
 5 391 3
 5 393 3
 5 394 2
 5 397 2
 5 400 1
 5 402 3
 5 403 3
 5 407 3
 5 410 2
 5 411 2
 5 413 2
 5 417 3
 5 418 3
 5 421 2
 5 422 4
 5 423 3
 5 424 1
 5 426 3
 5 428 4
 5 429 3
 5 433 4
 5 435 4
 5 436 4
 5 439 1
 5 441 1
 5 444 2
 5 445 3
 5 453 1
 5 454 1
 5 457 1
 6 14 4
 6 15 4
 6 19 4
 6 23 4
 6 28 4
 6 32 4
 6 56 4
 6 59 4
 6 69 4
 6 70 3
 6 81 4
 6 86 4
 6 87 4
 6 95 4
 6 98 4
 6 100 4
 6 117 4
 6 124 4
 6 125 3
 6 131 4
 6 133 4
 6 134 4
 6 135 4
 6 136 4
 6 143 3
 6 151 4
 6 154 4
 6 156 4
 6 175 4
 6 180 4
 6 183 4
 6 187 5
 6 188 3
 6 189 4
 6 193 3
 6 195 4
 6 197 4
 6 199 4
 6 204 4
 6 205 4
 6 208 4
 6 209 4
 6 211 4
 6 213 4
 6 221 3
 6 238 4
 6 248 4
 6 258 4
 6 269 4
 6 275 4
 6 276 4
 6 284 3
 6 286 4
 6 294 3
 6 297 3
 6 301 4
 6 304 4
 6 318 4
 6 357 4
 6 423 4
 6 432 4
 6 458 2
 6 459 2
 6 463 4
 6 466 4
 6 467 4
 6 469 5
 6 470 3
 6 471 3
 6 475 4
 6 476 3
 6 477 3
 6 478 4
 6 479 4
 6 480 4
 6 481 5
 6 483 5
 6 484 5
 6 486 4
 6 487 4
 6 488 4
 6 492 4
 6 498 4
 6 499 4
 6 500 4
 6 506 4
 6 508 4
 6 509 4
 6 511 4
 6 513 4
 6 515 4
 6 517 4
 6 518 4
 6 521 4
 6 523 4
 6 524 3
 6 525 4
 6 526 3
 6 528 4
 6 532 3
 6 534 4
 7 7 4
 7 8 5
 7 10 4
 7 22 5
 7 28 4
 7 32 4
 7 44 5
 7 53 4
 7 54 3
 7 72 4
 7 78 3
 7 79 4
 7 81 5
 7 82 4
 7 89 5
 7 90 3
 7 92 5
 7 93 4
 7 101 4
 7 106 4
 7 118 4
 7 121 4
 7 126 4
 7 127 4
 7 131 4
 7 133 4
 7 136 4
 7 139 3
 7 142 3
 7 151 4
 7 153 4
 7 154 4
 7 156 4
 7 161 4
 7 162 4
 7 163 4
 7 166 4
 7 168 4
 7 171 4
 7 172 5
 7 174 5
 7 176 4
 7 177 4
 7 181 4
 7 182 4
 7 183 5
 7 185 4
 7 188 4
 7 190 5
 7 191 5
 7 193 4
 7 195 5
 7 196 4
 7 200 4
 7 203 4
 7 205 4
 7 207 4
 7 208 5
 7 210 4
 7 212 3
 7 223 5
 7 226 4
 7 227 4
 7 228 4
 7 232 3
 7 241 4
 7 259 3
 7 260 2
 7 264 3
 7 266 4
 7 268 4
 7 269 4
 7 273 4
 7 281 4
 7 285 4
 7 288 4
 7 300 4
 7 307 4
 7 334 4
 7 378 4
 7 382 4
 7 385 4
 7 389 4
 7 393 4
 7 396 4
 7 399 4
 7 401 4
 7 404 4
 7 418 4
 7 420 4
 7 423 4
 7 428 5
 7 430 4
 7 431 4
 7 432 4
 7 435 5
 7 448 3
 7 450 3
 7 451 4
 7 455 4
 7 461 4
 7 471 4
 7 472 3
 7 479 4
 7 480 4
 7 481 5
 7 482 4
 7 483 5
 7 484 5
 7 485 4
 7 489 4
 7 491 4
 7 492 5
 7 495 4
 7 496 5
 7 497 4
 7 498 5
 7 501 4
 7 504 5
 7 505 4
 7 511 5
 7 514 4
 7 515 4
 7 519 4
 7 520 5
 7 526 4
 7 528 5
 7 530 5
 7 537 3
 7 541 2
 7 542 4
 7 543 3
 7 548 5
 7 550 4
 7 553 3
 7 554 3
 7 555 4
 7 559 4
 7 560 3
 7 562 5
 7 563 2
 7 564 3
 7 567 2
 7 570 3
 7 576 4
 7 579 4
 7 580 4
 7 581 5
 7 582 4
 7 587 4
 7 589 5
 7 599 1
 7 604 4
 7 608 4
 7 614 5
 7 618 4
 7 619 3
 7 621 5
 7 622 4
 7 623 3
 7 624 4
 7 626 5
 7 627 3
 7 630 4
 7 633 4
 7 636 4
 7 637 4
 7 642 4
 7 643 4
 7 644 4
 7 645 4
 7 647 4
 7 648 5
 7 650 3
 7 653 4
 7 654 5
 7 657 4
 7 658 3
 7 659 5
 7 661 5
 7 662 4
 7 667 5
 7 669 1
 7 673 4
 7 674 2
 7 675 5
 7 676 4
 7 680 4
 7 681 2
 7 683 4
 8 7 4
 8 22 5
 8 50 4
 8 56 4
 8 79 4
 8 89 4
 8 127 4
 8 144 4
 8 172 4
 8 176 4
 8 182 4
 8 183 4
 8 188 4
 8 190 4
 8 210 4
 8 258 4
 8 294 3
 8 301 4
 8 338 3
 8 385 4
 8 457 1
 8 511 5
 8 550 4
 8 568 4
 8 651 4
 8 685 4
 8 686 3
 8 687 1
 8 689 4
 9 6 5
 9 286 4
 9 298 5
 9 340 4
 9 479 5
 9 487 5
 9 507 4
 9 521 4
 9 527 4
 9 691 5
 10 1 5
 10 4 4
 10 7 4
 10 13 4
 10 16 4
 10 22 5
 10 48 5
 10 56 5
 10 64 5
 10 98 5
 10 99 5
 10 100 5
 10 124 5
 10 127 5
 10 132 5
 10 133 4
 10 135 5
 10 144 4
 10 155 4
 10 156 4
 10 160 4
 10 164 5
 10 168 5
 10 175 5
 10 176 4
 10 183 5
 10 186 4
 10 191 5
 10 194 5
 10 195 5
 10 199 5
 10 200 4
 10 203 4
 10 218 4
 10 223 5
 10 234 4
 10 269 4
 10 275 5
 10 283 4
 10 285 5
 10 289 3
 10 294 4
 10 321 4
 10 340 4
 10 367 4
 10 371 4
 10 385 4
 10 418 4
 10 420 4
 10 435 5
 10 447 4
 10 461 4
 10 463 4
 10 474 5
 10 475 5
 10 483 5
 10 486 4
 10 488 5
 10 489 5
 10 493 5
 10 495 4
 10 496 5
 10 497 4
 10 498 5
 10 504 5
 10 505 4
 10 509 4
 10 519 5
 10 521 4
 10 558 4
 10 588 4
 10 603 5
 10 611 5
 10 615 4
 10 651 5
 10 652 4
 10 655 5
 10 656 5
 10 657 5
 10 695 3
 10 696 4
 10 698 4
 10 702 4
 10 703 4
 10 704 3
 10 705 4
 10 706 4
 10 710 4
 10 711 4
 10 712 4
 11 9 4
 11 12 4
 11 22 4
 11 38 3
 11 40 3
 11 47 3
 11 51 3
 11 90 2
 11 94 3
 11 97 3
 11 100 4
 11 109 3
 11 110 3
 11 111 3
 11 120 2
 11 135 4
 11 175 4
 11 185 4
 11 190 4
 11 191 4
 11 194 4
 11 203 4
 11 204 4
 11 215 4
 11 216 4
 11 227 3
 11 230 3
 11 241 3
 11 260 2
 11 268 4
 11 277 4
 11 291 3
 11 300 3
 11 312 3
 11 350 4
 11 383 2
 11 395 2
 11 402 4
 11 425 4
 11 428 4
 11 429 4
 11 435 4
 11 455 3
 11 517 3
 11 521 3
 11 524 3
 11 558 4
 11 561 2
 11 573 3
 11 597 3
 11 652 4
 11 660 4
 11 663 4
 11 710 3
 11 713 4
 11 714 4
 11 720 3
 11 721 3
 11 722 3
 11 723 4
 11 725 3
 11 726 3
 11 730 4
 11 732 4
 11 733 4
 11 734 3
 11 735 3
 11 736 4
 11 739 3
 11 740 3
 11 741 4
 11 743 3
 11 744 4
 11 746 4
 11 751 3
 11 752 4
 12 15 5
 12 28 5
 12 50 5
 12 71 4
 12 82 4
 12 96 5
 12 97 4
 12 132 5
 12 143 4
 12 157 5
 12 172 5
 12 191 5
 12 196 5
 12 200 4
 12 204 5
 12 276 4
 12 282 4
 12 300 4
 12 318 5
 12 381 4
 12 402 5
 12 471 4
 12 684 5
 12 735 4
 12 753 5
 12 754 5
 13 2 3
 13 11 3
 13 14 4
 13 21 2
 13 24 3
 13 25 3
 13 27 3
 13 29 2
 13 40 2
 13 42 4
 13 45 3
 13 48 4
 13 56 4
 13 59 4
 13 61 4
 13 64 4
 13 66 3
 13 71 3
 13 72 4
 13 73 3
 13 88 3
 13 90 2
 13 94 3
 13 97 3
 13 98 4
 13 100 4
 13 109 3
 13 118 3
 13 121 3
 13 124 4
 13 137 4
 13 144 4
 13 147 3
 13 150 4
 13 153 4
 13 154 4
 13 161 4
 13 167 3
 13 168 4
 13 173 4
 13 178 4
 13 180 4
 13 181 4
 13 185 3
 13 186 4
 13 190 4
 13 195 4
 13 196 4
 13 198 3
 13 201 2
 13 208 4
 13 210 3
 13 212 4
 13 215 4
 13 217 2
 13 219 2
 13 226 3
 13 229 3
 13 230 3
 13 232 3
 13 238 3
 13 243 2
 13 258 4
 13 261 2
 13 263 4
 13 265 3
 13 268 3
 13 269 3
 13 270 4
 13 271 2
 13 272 3
 13 273 3
 13 276 4
 13 281 3
 13 287 2
 13 289 2
 13 290 3
 13 294 3
 13 300 3
 13 301 3
 13 302 4
 13 303 3
 13 305 4
 13 308 3
 13 312 2
 13 314 1
 13 315 4
 13 317 4
 13 318 4
 13 319 3
 13 320 2
 13 331 3
 13 333 3
 13 334 2
 13 338 1
 13 340 3
 13 341 2
 13 343 2
 13 344 2
 13 345 4
 13 349 1
 13 351 2
 13 353 4
 13 354 3
 13 360 4
 13 363 3
 13 377 1
 13 379 2
 13 384 2
 13 385 3
 13 387 3
 13 391 3
 13 396 3
 13 402 3
 13 405 3
 13 409 3
 13 414 4
 13 416 3
 13 418 3
 13 420 4
 13 421 3
 13 423 4
 13 428 4
 13 431 2
 13 436 3
 13 437 1
 13 440 1
 13 443 4
 13 447 3
 13 449 3
 13 450 2
 13 451 2
 13 452 3
 13 457 1
 13 467 4
 13 472 3
 13 476 2
 13 477 3
 13 480 3
 13 481 4
 13 482 4
 13 483 4
 13 488 3
 13 493 4
 13 498 4
 13 501 3
 13 502 4
 13 505 3
 13 508 3
 13 509 4
 13 514 4
 13 516 4
 13 517 4
 13 519 4
 13 520 4
 13 524 3
 13 526 3
 13 530 4
 13 539 2
 13 540 3
 13 546 3
 13 548 3
 13 564 1
 13 567 2
 13 570 4
 13 588 3
 13 589 3
 13 596 3
 13 597 3
 13 601 4
 13 604 4
 13 610 3
 13 612 4
 13 614 4
 13 615 4
 13 617 3
 13 624 5
 13 625 2
 13 632 3
 13 651 4
 13 652 4
 13 659 3
 13 665 2
 13 673 3
 13 678 3
 13 682 1
 13 683 2
 13 685 4
 13 694 4
 13 705 4
 13 716 4
 13 720 3
 13 735 3
 13 752 1
 13 755 3
 13 759 2
 13 764 2
 13 766 4
 13 772 1
 13 776 2
 13 780 2
 13 781 3
 13 782 3
 13 783 3
 13 784 1
 13 786 3
 13 787 3
 13 788 1
 13 794 4
 13 802 2
 13 805 4
 13 807 1
 13 808 2
 13 809 4
 13 812 2
 13 814 5
 13 816 1
 13 820 3
 13 821 3
 13 823 4
 13 828 1
 13 830 1
 13 831 3
 13 836 2
 13 839 1
 13 840 3
 13 842 2
 13 844 1
 13 847 4
 13 848 5
 13 852 1
 13 854 1
 13 856 5
 13 857 3
 13 858 1
 13 859 1
 13 860 1
 13 861 3
 13 864 4
 13 866 3
 13 868 5
 13 869 3
 13 874 4
 13 875 1
 13 876 2
 13 877 2
 13 878 2
 13 885 2
 13 887 5
 13 888 2
 13 890 1
 13 892 3
 13 894 1
 13 898 2
 13 901 1
 13 906 3
 13 907 1
 13 908 1
 13 910 2
 13 912 2
 13 913 1
 13 915 5
 13 918 3
 14 7 4
 14 9 5
 14 13 4
 14 14 4
 14 15 4
 14 18 3
 14 22 5
 14 23 5
 14 42 4
 14 50 5
 14 56 5
 14 70 4
 14 93 4
 14 98 5
 14 100 5
 14 111 4
 14 116 5
 14 121 4
 14 151 4
 14 168 5
 14 172 5
 14 174 5
 14 175 4
 14 176 4
 14 181 5
 14 202 4
 14 204 5
 14 211 4
 14 213 4
 14 242 4
 14 269 4
 14 275 5
 14 283 4
 14 285 5
 14 313 4
 14 357 4
 14 408 5
 14 455 4
 14 474 5
 14 475 4
 14 477 4
 14 492 5
 14 498 5
 14 509 4
 14 514 4
 14 517 4
 14 519 5
 14 530 5
 14 596 3
 14 603 4
 14 655 4
 14 709 5
 14 716 4
 14 792 4
 14 813 4
 14 845 4
 14 922 4
 15 1 3
 15 7 3
 15 9 4
 15 18 1
 15 20 3
 15 25 3
 15 127 3
 15 137 4
 15 148 3
 15 222 3
 15 244 2
 15 274 3
 15 278 2
 15 286 3
 15 289 2
 15 300 3
 15 301 3
 15 307 2
 15 331 3
 15 405 2
 15 411 2
 15 458 4
 15 459 5
 15 471 3
 15 473 2
 15 476 2
 15 508 3
 15 591 3
 15 620 4
 15 678 2
 15 685 3
 15 696 2
 15 742 3
 15 744 4
 15 749 2
 15 754 4
 15 815 2
 15 864 3
 15 889 3
 15 924 2
 15 929 2
 15 932 1
 15 933 1
 15 937 4
 16 7 5
 16 8 5
 16 9 5
 16 22 5
 16 27 3
 16 28 5
 16 31 5
 16 51 4
 16 55 5
 16 56 5
 16 64 5
 16 69 4
 16 70 4
 16 76 5
 16 89 5
 16 92 5
 16 96 5
 16 99 5
 16 134 5
 16 144 5
 16 151 4
 16 155 4
 16 156 4
 16 160 4
 16 161 5
 16 164 5
 16 168 5
 16 174 5
 16 178 5
 16 182 5
 16 183 5
 16 191 5
 16 194 5
 16 195 5
 16 197 5
 16 209 5
 16 228 5
 16 230 4
 16 233 4
 16 284 3
 16 288 4
 16 294 4
 16 300 4
 16 318 5
 16 357 5
 16 418 4
 16 443 5
 16 447 5
 16 471 4
 16 479 5
 16 482 5
 16 496 5
 16 504 5
 16 546 4
 16 564 2
 16 602 4
 16 603 5
 16 606 4
 16 629 4
 16 654 5
 16 655 5
 16 657 5
 16 692 4
 16 693 4
 16 705 5
 16 735 4
 16 761 3
 16 812 2
 16 940 2
 16 942 4
 16 944 2
 17 1 3
 17 9 4
 17 13 3
 17 125 3
 17 151 3
 17 237 3
 17 245 2
 17 508 3
 17 744 3
 18 1 4
 18 12 5
 18 13 4
 18 14 4
 18 19 4
 18 25 4
 18 26 4
 18 47 4
 18 57 4
 18 58 4
 18 64 5
 18 69 4
 18 70 4
 18 71 4
 18 82 4
 18 86 4
 18 89 4
 18 97 4
 18 99 5
 18 113 5
 18 126 4
 18 131 4
 18 135 4
 18 136 4
 18 151 4
 18 152 4
 18 154 4
 18 162 4
 18 169 5
 18 170 4
 18 179 4
 18 180 4
 18 181 4
 18 182 4
 18 185 4
 18 186 4
 18 188 4
 18 190 5
 18 191 4
 18 193 4
 18 194 4
 18 195 4
 18 196 4
 18 199 4
 18 202 4
 18 209 5
 18 214 4
 18 215 4
 18 224 5
 18 234 4
 18 237 4
 18 241 4
 18 275 4
 18 276 4
 18 286 4
 18 318 5
 18 367 3
 18 387 4
 18 393 4
 18 408 5
 18 423 4
 18 428 4
 18 432 4
 18 443 4
 18 451 3
 18 462 4
 18 463 4
 18 479 4
 18 483 5
 18 485 4
 18 487 4
 18 488 4
 18 494 4
 18 496 5
 18 497 4
 18 498 4
 18 509 4
 18 513 4
 18 514 4
 18 515 5
 18 523 4
 18 526 4
 18 527 4
 18 530 4
 18 602 4
 18 607 3
 18 609 4
 18 610 4
 18 629 3
 18 630 3
 18 647 4
 18 659 4
 18 660 4
 18 692 4
 18 699 4
 18 705 4
 18 729 4
 18 732 4
 18 739 3
 18 775 3
 18 778 3
 18 792 4
 18 794 3
 18 863 3
 18 921 4
 18 923 5
 18 950 3
 18 953 3
 18 954 3
 18 955 4
 18 960 4
 18 961 4
 18 964 3
 18 965 4
 18 966 3
 18 968 3
 18 970 3
 18 971 4
 19 4 4
 19 153 4
 19 201 3
 19 258 4
 19 310 4
 19 313 4
 19 382 4
 19 435 4
 19 655 4
 19 692 3
 20 1 4
 20 11 3
 20 69 3
 20 87 4
 20 95 3
 20 98 4
 20 118 3
 20 121 3
 20 144 3
 20 172 4
 20 176 3
 20 186 3
 20 194 4
 20 208 4
 20 252 3
 20 288 3
 20 405 3
 20 568 3
 20 597 2
 20 678 3
 20 742 3
 20 931 1
 21 56 3
 21 98 3
 21 100 4
 21 103 1
 21 106 2
 21 118 2
 21 121 2
 21 129 3
 21 148 2
 21 164 4
 21 184 3
 21 217 2
 21 218 3
 21 219 3
 21 222 3
 21 234 3
 21 242 3
 21 245 2
 21 258 3
 21 288 2
 21 291 2
 21 292 3
 21 294 2
 21 295 3
 21 298 3
 21 299 2
 21 319 2
 21 320 4
 21 324 3
 21 325 2
 21 326 3
 21 327 3
 21 328 3
 21 370 2
 21 396 2
 21 424 1
 21 439 1
 21 440 1
 21 441 2
 21 445 3
 21 447 4
 21 448 3
 21 452 3
 21 457 1
 21 473 2
 21 558 4
 21 565 3
 21 569 3
 21 590 1
 21 591 3
 21 595 2
 21 596 2
 21 665 2
 21 668 1
 21 670 3
 21 671 4
 21 678 2
 21 687 1
 21 688 1
 21 696 2
 21 717 1
 21 741 3
 21 742 2
 21 758 1
 21 773 3
 21 774 2
 21 816 1
 21 820 2
 21 834 1
 21 839 1
 21 844 4
 21 859 2
 21 860 2
 21 875 3
 21 928 3
 21 930 1
 21 931 1
 21 948 1
 21 974 3
 21 977 2
 21 979 2
 21 982 1
 21 985 2
 21 995 2
 22 29 2
 22 79 4
 22 80 4
 22 96 4
 22 110 2
 22 117 3
 22 118 3
 22 121 3
 22 128 4
 22 153 4
 22 154 4
 22 168 4
 22 172 4
 22 173 4
 22 176 4
 22 186 4
 22 194 4
 22 195 4
 22 204 4
 22 208 4
 22 222 3
 22 226 4
 22 227 4
 22 230 3
 22 238 4
 22 241 3
 22 258 4
 22 294 3
 22 358 3
 22 376 3
 22 377 1
 22 386 3
 22 393 4
 22 399 4
 22 403 3
 22 407 3
 22 411 3
 22 433 3
 22 435 4
 22 455 3
 22 456 1
 22 502 4
 22 510 4
 22 511 4
 22 550 4
 22 554 2
 22 648 4
 22 683 2
 22 687 1
 22 692 3
 22 780 2
 22 791 2
 22 871 3
 22 878 2
 22 948 2
 22 997 1
 22 999 4
 22 1001 1
 23 1 4
 23 13 4
 23 28 4
 23 32 4
 23 50 4
 23 70 3
 23 71 4
 23 83 4
 23 88 4
 23 90 2
 23 98 4
 23 99 4
 23 109 4
 23 133 4
 23 143 3
 23 170 4
 23 172 4
 23 177 4
 23 183 4
 23 188 4
 23 189 4
 23 191 4
 23 196 4
 23 209 5
 23 213 4
 23 215 4
 23 219 3
 23 222 4
 23 228 4
 23 229 3
 23 238 4
 23 257 4
 23 258 4
 23 269 4
 23 315 3
 23 323 3
 23 357 4
 23 380 4
 23 381 4
 23 385 4
 23 404 4
 23 405 3
 23 419 3
 23 421 4
 23 427 4
 23 463 4
 23 483 4
 23 504 4
 23 511 4
 23 512 4
 23 516 4
 23 518 4
 23 527 4
 23 528 4
 23 546 3
 23 549 4
 23 662 4
 23 705 4
 23 710 3
 23 739 3
 23 747 3
 23 1005 3
 23 1006 3
 24 9 5
 24 25 4
 24 56 5
 24 64 5
 24 100 5
 24 109 4
 24 117 5
 24 129 4
 24 153 5
 24 178 5
 24 191 5
 24 216 4
 24 258 5
 24 275 5
 24 286 5
 24 294 4
 24 318 5
 24 358 3
 24 367 4
 24 372 4
 24 427 5
 24 475 5
 24 477 4
 24 508 4
 24 662 4
 24 742 4
 24 763 4
 25 8 5
 25 13 4
 25 25 4
 25 50 5
 25 114 5
 25 127 5
 25 135 5
 25 151 4
 25 169 5
 25 174 5
 25 181 5
 25 189 5
 25 197 5
 25 208 5
 25 222 4
 25 228 4
 25 238 5
 25 239 4
 25 257 4
 25 258 4
 25 269 4
 25 275 5
 25 357 4
 25 427 5
 25 432 4
 25 455 4
 25 477 4
 25 478 5
 25 480 4
 25 498 5
 25 501 4
 25 520 4
 25 615 4
 25 633 4
 25 729 4
 25 742 4
 25 969 4
 26 7 3
 26 9 4
 26 13 3
 26 15 3
 26 25 3
 26 100 4
 26 117 3
 26 125 3
 26 127 4
 26 150 3
 26 235 2
 26 237 3
 26 240 2
 26 255 3
 26 257 3
 26 258 3
 26 269 3
 26 286 3
 26 292 3
 26 294 2
 26 315 3
 26 321 3
 26 322 2
 26 333 3
 26 343 3
 26 410 3
 26 455 3
 26 476 2
 26 508 3
 26 597 2
 26 685 3
 26 742 3
 26 864 3
 26 871 2
 26 926 2
 26 930 2
 26 979 3
 26 1008 3
 26 1009 3
 26 1015 3
 26 1016 2
 27 100 4
 27 121 3
 27 246 4
 27 281 3
 27 295 3
 27 298 4
 27 325 2
 27 370 2
 27 475 4
 27 508 3
 27 515 4
 27 596 3
 27 742 3
 27 925 3
 27 978 2
 28 7 4
 28 12 4
 28 50 4
 28 70 4
 28 79 4
 28 89 4
 28 95 4
 28 98 4
 28 100 5
 28 143 3
 28 145 2
 28 153 4
 28 173 4
 28 174 5
 28 184 4
 28 201 3
 28 209 5
 28 217 3
 28 218 3
 28 222 4
 28 223 4
 28 228 4
 28 234 4
 28 258 4
 28 271 3
 28 282 4
 28 294 3
 28 380 4
 28 423 4
 28 436 5
 28 441 3
 28 450 2
 28 479 4
 28 480 4
 28 568 4
 28 646 4
 28 665 3
 28 678 3
 28 800 3
 28 895 3
 29 98 4
 29 189 4
 29 245 3
 29 259 3
 29 269 4
 29 270 4
 29 294 3
 29 302 4
 29 332 4
 29 343 3
 29 358 3
 29 539 2
 29 678 3
 29 689 3
 29 748 3
 29 874 4
 29 1018 4
 30 7 4
 30 28 4
 30 82 4
 30 181 4
 30 231 3
 30 255 4
 30 286 4
 30 289 3
 30 294 3
 30 301 4
 30 435 4
 30 531 4
 30 538 3
 30 539 3
 30 678 3
 30 688 2
 30 1007 5
 30 1013 3
 31 79 4
 31 124 4
 31 135 4
 31 302 4
 31 321 4
 31 484 5
 31 493 5
 31 498 4
 31 504 4
 31 514 4
 31 682 2
 31 705 4
 31 886 4
 32 100 4
 32 117 4
 32 118 3
 32 122 2
 32 151 3
 32 235 3
 32 245 3
 32 246 4
 32 249 3
 32 250 3
 32 257 3
 32 259 3
 32 276 3
 32 290 3
 32 294 3
 32 591 4
 32 866 3
 32 1012 4
 32 1016 3
 33 258 4
 33 292 4
 33 307 3
 33 313 4
 33 328 4
 33 333 4
 33 343 3
 33 751 3
 33 872 3
 33 895 3
 34 242 4
 34 245 3
 34 259 3
 34 286 4
 34 299 4
 34 310 4
 34 312 4
 34 329 5
 34 332 4
 34 690 4
 35 242 3
 35 243 2
 35 259 2
 35 322 2
 35 332 3
 35 680 3
 35 877 2
 35 1025 3
 36 268 4
 36 269 4
 36 307 3
 36 310 4
 36 319 3
 36 339 4
 36 682 2
 36 748 3
 36 882 5
 36 883 5
 36 885 4
 37 11 4
 37 22 4
 37 24 3
 37 55 4
 37 56 4
 37 79 4
 37 117 4
 37 161 4
 37 176 4
 37 183 4
 37 195 4
 37 222 4
 37 265 4
 37 288 3
 37 363 3
 37 403 4
 37 540 2
 37 597 3
 37 685 3
 37 948 3
 38 1 4
 38 22 4
 38 28 4
 38 67 3
 38 71 4
 38 79 4
 38 82 4
 38 88 4
 38 94 4
 38 95 4
 38 99 4
 38 118 4
 38 122 2
 38 133 3
 38 139 3
 38 140 4
 38 145 2
 38 153 4
 38 161 4
 38 211 4
 38 216 4
 38 218 3
 38 225 3
 38 226 3
 38 234 4
 38 252 4
 38 257 4
 38 318 4
 38 328 4
 38 383 2
 38 384 4
 38 389 4
 38 392 4
 38 393 4
 38 403 3
 38 404 4
 38 419 4
 38 423 4
 38 424 3
 38 432 3
 38 444 2
 38 450 2
 38 465 4
 38 508 4
 38 526 3
 38 550 3
 38 573 2
 38 616 3
 38 672 3
 38 679 4
 38 720 4
 38 758 1
 38 780 3
 38 838 2
 38 916 5
 38 1014 5
 38 1030 5
 38 1034 1
 39 258 4
 39 300 4
 39 306 4
 39 315 4
 39 333 4
 39 345 4
 39 347 4
 39 352 4
 39 900 4
 40 243 2
 40 258 3
 40 268 3
 40 271 2
 40 294 2
 40 303 3
 40 333 3
 40 340 3
 40 345 3
 40 347 3
 40 750 3
 40 754 4
 40 880 3
 41 1 4
 41 28 4
 41 31 4
 41 69 4
 41 98 4
 41 100 5
 41 153 4
 41 170 4
 41 174 5
 41 181 4
 41 209 5
 41 265 4
 41 286 4
 41 289 3
 41 313 4
 41 423 4
 41 435 4
 41 486 4
 41 518 4
 41 746 4
 41 751 3
 42 12 4
 42 25 4
 42 28 4
 42 44 3
 42 48 4
 42 63 4
 42 69 4
 42 70 4
 42 72 3
 42 77 4
 42 79 4
 42 82 4
 42 88 4
 42 95 4
 42 96 4
 42 98 4
 42 99 5
 42 102 4
 42 118 4
 42 121 4
 42 131 3
 42 142 3
 42 143 4
 42 172 4
 42 176 4
 42 183 4
 42 185 4
 42 194 4
 42 195 4
 42 196 4
 42 204 4
 42 210 4
 42 211 4
 42 215 4
 42 216 4
 42 222 4
 42 230 4
 42 234 4
 42 265 4
 42 274 4
 42 276 4
 42 280 4
 42 281 4
 42 357 4
 42 367 3
 42 380 4
 42 403 4
 42 404 4
 42 405 3
 42 409 3
 42 410 4
 42 413 2
 42 418 4
 42 423 4
 42 428 4
 42 432 4
 42 451 3
 42 456 3
 42 479 4
 42 496 5
 42 506 4
 42 521 3
 42 546 3
 42 566 4
 42 568 4
 42 588 4
 42 603 4
 42 606 3
 42 625 3
 42 684 4
 42 685 4
 42 692 4
 42 732 4
 42 736 4
 42 742 4
 42 746 4
 42 781 4
 42 785 4
 42 794 3
 42 834 1
 42 845 4
 42 866 3
 42 925 4
 42 939 4
 42 953 3
 42 977 2
 42 999 4
 42 1028 3
 42 1040 3
 42 1041 4
 42 1043 2
 42 1044 4
 42 1045 2
 42 1049 3
 42 1051 4
 43 1 4
 43 5 4
 43 7 4
 43 11 4
 43 14 4
 43 15 4
 43 17 3
 43 26 4
 43 40 3
 43 47 3
 43 49 4
 43 50 4
 43 51 3
 43 52 4
 43 54 3
 43 56 4
 43 63 3
 43 64 5
 43 66 4
 43 71 4
 43 77 4
 43 91 3
 43 95 4
 43 98 4
 43 114 5
 43 117 4
 43 118 4
 43 120 3
 43 137 4
 43 151 4
 43 153 4
 43 155 3
 43 161 4
 43 173 5
 43 175 4
 43 181 4
 43 191 4
 43 203 4
 43 204 4
 43 210 4
 43 215 4
 43 216 4
 43 225 3
 43 235 3
 43 237 4
 43 238 4
 43 241 4
 43 252 3
 43 271 3
 43 272 4
 43 275 4
 43 284 3
 43 285 4
 43 286 4
 43 289 3
 43 298 4
 43 300 4
 43 302 4
 43 315 4
 43 316 5
 43 318 4
 43 321 3
 43 323 3
 43 328 4
 43 336 3
 43 371 4
 43 382 4
 43 393 4
 43 402 4
 43 403 4
 43 405 3
 43 409 3
 43 423 4
 43 432 4
 43 471 4
 43 486 4
 43 498 4
 43 501 4
 43 516 5
 43 531 4
 43 553 3
 43 568 4
 43 596 3
 43 597 3
 43 628 3
 43 631 3
 43 648 5
 43 684 4
 43 692 4
 43 705 4
 43 724 4
 43 732 4
 43 751 3
 43 792 3
 43 815 4
 43 820 3
 43 847 5
 43 866 3
 43 879 3
 43 931 1
 43 944 2
 43 946 3
 43 950 3
 43 951 3
 43 956 2
 43 966 4
 43 993 3
 43 1053 3
 43 1057 2
 44 5 4
 44 9 4
 44 11 4
 44 15 4
 44 21 3
 44 55 4
 44 56 4
 44 82 4
 44 88 4
 44 91 3
 44 95 4
 44 96 4
 44 106 3
 44 118 3
 44 120 3
 44 123 4
 44 147 4
 44 148 3
 44 153 4
 44 155 3
 44 161 4
 44 164 4
 44 168 4
 44 174 4
 44 176 4
 44 185 4
 44 191 4
 44 193 4
 44 195 4
 44 202 4
 44 204 4
 44 208 4
 44 209 5
 44 214 4
 44 216 4
 44 227 3
 44 228 4
 44 229 3
 44 230 4
 44 237 4
 44 238 4
 44 240 3
 44 245 3
 44 250 4
 44 252 3
 44 257 4
 44 258 4
 44 274 4
 44 294 3
 44 317 4
 44 357 4
 44 378 4
 44 385 4
 44 412 2
 44 433 4
 44 434 4
 44 443 4
 44 449 3
 44 470 3
 44 474 4
 44 507 4
 44 530 4
 44 542 3
 44 588 4
 44 603 4
 44 644 4
 44 660 4
 44 665 3
 44 717 3
 44 755 4
 44 1058 4
 45 1 4
 45 15 4
 45 21 3
 45 25 4
 45 100 4
 45 108 3
 45 109 4
 45 118 3
 45 121 3
 45 127 4
 45 237 4
 45 276 4
 45 472 3
 45 473 3
 45 476 3
 45 763 3
 45 952 4
 45 1060 3
 45 1061 2
 46 7 4
 46 127 5
 46 151 4
 46 181 5
 46 288 4
 46 294 4
 46 307 4
 46 313 4
 46 327 4
 46 328 4
 46 333 4
 46 538 3
 46 690 4
 46 909 5
 46 1024 5
 46 1062 5
 47 268 4
 47 292 4
 47 302 4
 47 306 4
 47 321 3
 47 323 3
 47 324 4
 47 340 4
 47 995 3
 48 28 4
 48 50 4
 48 71 4
 48 132 4
 48 170 4
 48 172 4
 48 174 5
 48 181 4
 48 187 5
 48 195 4
 48 202 4
 48 210 4
 48 228 4
 48 259 3
 48 266 3
 48 286 4
 48 306 4
 48 308 4
 48 309 2
 48 423 4
 48 425 4
 48 427 4
 48 433 4
 48 511 4
 48 522 3
 48 603 4
 48 609 4
 48 654 4
 48 656 4
 48 661 4
 48 680 4
 48 690 3
 48 988 2
 49 1 3
 49 3 3
 49 7 3
 49 10 3
 49 11 3
 49 17 3
 49 38 2
 49 39 2
 49 40 2
 49 47 3
 49 49 2
 49 52 3
 49 53 3
 49 55 4
 49 56 3
 49 68 2
 49 70 3
 49 72 2
 49 95 3
 49 100 4
 49 101 3
 49 102 2
 49 108 2
 49 111 2
 49 116 3
 49 117 2
 49 122 1
 49 123 2
 49 129 2
 49 143 3
 49 148 2
 49 151 3
 49 168 3
 49 172 3
 49 173 3
 49 175 3
 49 179 4
 49 185 4
 49 202 3
 49 204 3
 49 213 3
 49 219 2
 49 231 2
 49 238 3
 49 258 3
 49 268 3
 49 290 2
 49 294 2
 49 299 2
 49 302 3
 49 312 3
 49 313 3
 49 325 2
 49 334 3
 49 343 2
 49 346 4
 49 347 3
 49 369 1
 49 385 2
 49 386 3
 49 401 2
 49 406 2
 49 413 1
 49 418 3
 49 423 3
 49 462 3
 49 473 2
 49 476 2
 49 508 3
 49 514 3
 49 518 3
 49 531 3
 49 542 2
 49 546 2
 49 547 3
 49 559 2
 49 569 3
 49 581 3
 49 583 4
 49 588 3
 49 590 1
 49 594 3
 49 625 3
 49 628 3
 49 657 4
 49 695 3
 49 713 3
 49 721 2
 49 732 3
 49 737 1
 49 738 3
 49 741 3
 49 758 1
 49 774 2
 49 821 1
 49 878 2
 49 926 1
 49 931 2
 49 959 2
 49 995 3
 49 998 2
 49 1003 2
 49 1009 3
 49 1068 3
 49 1070 3
 49 1076 2
 49 1078 1
 49 1082 3
 50 9 4
 50 123 4
 50 125 3
 50 246 4
 50 253 5
 50 286 4
 50 325 3
 50 475 4
 50 508 4
 50 823 3
 50 1084 4
 51 64 5
 51 132 4
 51 148 3
 51 182 4
 51 485 3
 51 496 4
 51 679 3
 52 15 5
 52 93 4
 52 95 4
 52 116 5
 52 235 3
 52 250 4
 52 257 4
 52 275 5
 52 280 4
 52 287 4
 52 405 4
 52 427 5
 52 475 5
 52 498 5
 52 531 5
 52 657 5
 52 742 4
 52 748 4
 52 845 4
 52 1009 4
 52 1086 4
 53 24 3
 53 100 5
 53 174 5
 53 181 4
 53 199 4
 53 228 4
 53 250 4
 53 258 4
 53 281 4
 53 748 3
 53 845 4
 53 924 3
 54 50 4
 54 106 3
 54 118 4
 54 121 3
 54 127 4
 54 147 4
 54 237 4
 54 257 4
 54 258 4
 54 260 3
 54 268 4
 54 273 4
 54 276 4
 54 298 4
 54 302 4
 54 313 4
 54 325 3
 54 327 4
 54 333 4
 54 406 2
 54 411 4
 54 475 4
 54 595 3
 54 597 3
 54 676 4
 54 685 3
 54 741 4
 54 742 4
 54 748 3
 54 820 3
 54 827 3
 54 871 4
 54 1012 3
 54 1016 3
 54 1088 3
 55 56 4
 55 89 4
 55 144 4
 55 254 2
 55 257 3
 55 273 3
 55 405 3
 55 678 3
 55 685 3
 55 1016 3
 55 1089 1
 56 1 4
 56 7 4
 56 25 4
 56 29 3
 56 31 4
 56 38 3
 56 44 4
 56 51 3
 56 56 4
 56 63 3
 56 64 5
 56 68 3
 56 69 4
 56 70 3
 56 71 4
 56 73 4
 56 77 4
 56 79 4
 56 82 4
 56 90 2
 56 91 3
 56 94 3
 56 95 4
 56 96 4
 56 98 4
 56 118 4
 56 121 4
 56 122 2
 56 143 3
 56 164 4
 56 168 4
 56 169 4
 56 172 4
 56 174 5
 56 179 4
 56 181 4
 56 184 4
 56 186 4
 56 189 4
 56 194 4
 56 195 4
 56 196 4
 56 201 3
 56 202 4
 56 215 4
 56 216 4
 56 219 3
 56 222 4
 56 228 4
 56 230 4
 56 231 3
 56 235 3
 56 239 4
 56 258 4
 56 294 3
 56 368 3
 56 372 3
 56 383 2
 56 391 3
 56 392 3
 56 402 4
 56 426 4
 56 432 4
 56 433 4
 56 435 4
 56 447 4
 56 449 3
 56 450 2
 56 451 3
 56 546 3
 56 554 3
 56 568 4
 56 585 4
 56 588 4
 56 597 3
 56 623 3
 56 692 4
 56 715 3
 56 728 3
 56 735 3
 56 738 3
 56 746 4
 56 747 4
 56 755 3
 56 761 3
 56 769 3
 56 797 4
 56 815 4
 56 849 3
 56 869 3
 56 993 3
 56 1036 2
 56 1047 3
 56 1090 3
 56 1092 3
 57 7 4
 57 28 4
 57 56 4
 57 79 4
 57 100 4
 57 151 3
 57 173 4
 57 199 4
 57 204 4
 57 222 4
 57 225 3
 57 237 4
 57 243 2
 57 248 4
 57 250 4
 57 252 3
 57 264 3
 57 271 3
 57 281 3
 57 282 4
 57 294 3
 57 298 4
 57 304 4
 57 321 3
 57 409 3
 57 410 3
 57 411 3
 57 419 3
 57 456 2
 57 476 3
 57 588 4
 57 597 3
 57 682 2
 57 744 4
 57 756 3
 57 760 2
 57 825 2
 57 831 2
 57 844 3
 57 864 3
 57 866 3
 57 926 3
 57 932 3
 57 975 3
 57 1011 3
 57 1028 3
 57 1047 3
 57 1059 2
 57 1071 3
 57 1093 4
 57 1094 2
 57 1095 3
 58 8 4
 58 9 4
 58 13 4
 58 20 3
 58 32 4
 58 42 4
 58 45 4
 58 50 5
 58 61 4
 58 64 5
 58 69 4
 58 89 4
 58 100 5
 58 109 4
 58 120 3
 58 123 4
 58 144 4
 58 150 4
 58 156 4
 58 173 5
 58 182 4
 58 193 4
 58 194 4
 58 195 4
 58 198 4
 58 204 4
 58 214 4
 58 216 4
 58 222 4
 58 228 4
 58 237 4
 58 240 3
 58 246 4
 58 248 4
 58 257 4
 58 268 4
 58 272 4
 58 275 4
 58 283 4
 58 284 3
 58 311 4
 58 318 4
 58 340 4
 58 347 4
 58 381 4
 58 408 5
 58 425 4
 58 475 4
 58 480 4
 58 483 5
 58 490 4
 58 546 3
 58 558 4
 58 568 4
 58 654 4
 58 663 4
 58 684 4
 58 709 4
 58 813 4
 58 850 5
 58 923 5
 58 950 2
 58 955 4
 58 960 4
 58 1019 4
 58 1069 2
 58 1097 5
 58 1098 4
 58 1099 2
 58 1100 2
 58 1102 1
 58 1103 5
 58 1104 2
 58 1106 4
 59 7 4
 59 10 4
 59 12 5
 59 13 4
 59 14 4
 59 18 4
 59 23 5
 59 25 4
 59 33 3
 59 39 4
 59 45 5
 59 47 4
 59 48 5
 59 50 5
 59 54 4
 59 65 4
 59 70 4
 59 71 4
 59 77 4
 59 82 4
 59 92 4
 59 95 4
 59 98 4
 59 100 5
 59 101 4
 59 102 3
 59 109 4
 59 118 4
 59 121 4
 59 125 4
 59 126 4
 59 127 4
 59 131 4
 59 132 5
 59 134 4
 59 136 4
 59 140 3
 59 141 4
 59 142 2
 59 148 4
 59 169 5
 59 170 4
 59 172 5
 59 173 5
 59 175 4
 59 177 4
 59 183 5
 59 186 4
 59 188 4
 59 195 5
 59 196 4
 59 200 4
 59 202 4
 59 203 4
 59 204 4
 59 208 5
 59 209 5
 59 215 4
 59 218 4
 59 227 4
 59 229 3
 59 230 4
 59 235 3
 59 238 4
 59 241 4
 59 258 4
 59 274 4
 59 286 4
 59 287 4
 59 318 5
 59 323 3
 59 367 4
 59 381 4
 59 382 4
 59 385 4
 59 387 4
 59 405 4
 59 418 4
 59 419 4
 59 421 4
 59 427 5
 59 428 5
 59 429 4
 59 431 4
 59 433 4
 59 447 4
 59 448 4
 59 468 3
 59 470 3
 59 473 3
 59 476 3
 59 485 3
 59 488 4
 59 490 4
 59 496 5
 59 501 3
 59 506 5
 59 511 5
 59 513 4
 59 516 5
 59 521 4
 59 527 4
 59 528 4
 59 547 3
 59 549 4
 59 550 4
 59 559 4
 59 562 4
 59 564 2
 59 566 4
 59 568 4
 59 569 4
 59 570 4
 59 582 4
 59 583 4
 59 588 4
 59 597 3
 59 604 4
 59 609 3
 59 611 3
 59 625 3
 59 640 4
 59 659 4
 59 660 4
 59 663 4
 59 664 4
 59 692 4
 59 699 4
 59 702 4
 59 707 4
 59 708 4
 59 709 5
 59 710 3
 59 715 4
 59 717 3
 59 724 4
 59 729 4
 59 732 4
 59 735 4
 59 739 4
 59 742 4
 59 760 2
 59 764 4
 59 823 4
 59 825 3
 59 846 4
 59 855 4
 59 866 3
 59 871 3
 59 926 2
 59 928 4
 59 931 2
 59 951 3
 59 972 4
 59 974 3
 59 1009 4
 59 1028 3
 59 1047 3
 59 1065 4
 59 1107 4
 59 1108 3
 59 1109 3
 59 1110 4
 59 1113 4
 59 1116 3
 59 1117 4
 59 1118 2
 60 13 4
 60 21 3
 60 28 4
 60 47 4
 60 56 5
 60 60 4
 60 61 4
 60 64 5
 60 71 4
 60 77 4
 60 79 4
 60 82 4
 60 88 4
 60 98 5
 60 132 5
 60 138 2
 60 143 4
 60 151 4
 60 152 4
 60 161 4
 60 162 4
 60 163 4
 60 172 5
 60 176 4
 60 178 5
 60 179 5
 60 180 4
 60 183 5
 60 186 4
 60 194 4
 60 197 5
 60 199 5
 60 200 4
 60 207 3
 60 208 5
 60 216 4
 60 218 4
 60 222 4
 60 234 4
 60 272 4
 60 403 4
 60 416 4
 60 417 4
 60 420 4
 60 427 5
 60 430 4
 60 443 4
 60 474 5
 60 478 4
 60 480 4
 60 485 4
 60 489 5
 60 490 4
 60 492 5
 60 493 5
 60 495 4
 60 498 5
 60 499 4
 60 502 4
 60 505 4
 60 507 4
 60 508 4
 60 511 5
 60 514 4
 60 523 5
 60 525 5
 60 529 4
 60 558 4
 60 604 4
 60 605 3
 60 606 4
 60 613 4
 60 616 4
 60 633 4
 60 638 5
 60 659 4
 60 660 5
 60 671 4
 60 673 4
 60 699 4
 60 729 4
 60 751 3
 60 810 4
 60 842 4
 60 1020 4
 60 1021 4
 60 1123 4
 60 1124 4
 60 1126 4
 61 243 2
 61 323 2
 61 328 3
 61 331 3
 61 342 3
 61 347 3
 61 678 2
 61 690 3
 61 1127 4
 62 3 3
 62 4 3
 62 8 4
 62 12 4
 62 14 4
 62 20 3
 62 21 2
 62 24 3
 62 28 3
 62 33 2
 62 47 3
 62 55 4
 62 59 4
 62 65 4
 62 68 2
 62 78 2
 62 86 3
 62 89 4
 62 96 4
 62 100 4
 62 111 3
 62 114 4
 62 118 3
 62 121 3
 62 125 3
 62 132 4
 62 135 4
 62 138 1
 62 147 3
 62 153 4
 62 155 2
 62 157 3
 62 162 3
 62 164 4
 62 168 4
 62 173 4
 62 176 4
 62 179 4
 62 180 4
 62 181 4
 62 182 4
 62 183 4
 62 209 4
 62 213 4
 62 216 3
 62 225 3
 62 227 3
 62 228 3
 62 229 3
 62 232 3
 62 235 3
 62 249 3
 62 257 3
 62 258 4
 62 270 3
 62 281 3
 62 286 3
 62 288 3
 62 294 3
 62 298 4
 62 302 4
 62 306 4
 62 318 4
 62 328 3
 62 365 2
 62 382 3
 62 401 3
 62 421 4
 62 423 3
 62 433 4
 62 443 4
 62 448 3
 62 462 3
 62 464 4
 62 473 3
 62 475 4
 62 498 4
 62 508 3
 62 514 4
 62 527 4
 62 541 3
 62 559 3
 62 660 4
 62 664 4
 62 665 2
 62 685 3
 62 697 3
 62 702 3
 62 712 4
 62 716 4
 62 742 3
 62 763 2
 62 774 1
 62 815 3
 62 827 2
 62 845 3
 62 856 4
 62 921 3
 62 955 4
 62 1012 3
 62 1016 3
 62 1060 2
 62 1073 4
 62 1074 3
 62 1107 1
 62 1118 3
 62 1128 2
 62 1131 3
 62 1136 3
 63 6 3
 63 13 3
 63 20 3
 63 50 4
 63 100 4
 63 106 3
 63 109 3
 63 111 3
 63 116 4
 63 126 3
 63 150 4
 63 222 3
 63 225 2
 63 237 3
 63 242 3
 63 246 4
 63 250 4
 63 251 4
 63 255 3
 63 268 3
 63 277 3
 63 288 3
 63 289 2
 63 300 3
 63 301 3
 63 306 3
 63 323 2
 63 328 3
 63 408 4
 63 412 2
 63 508 3
 63 678 3
 63 762 3
 63 841 2
 63 924 2
 63 948 3
 63 952 3
 63 979 3
 63 1007 4
 63 1008 3
 63 1009 3
 63 1011 2
 63 1028 2
 63 1067 3
 63 1137 4
 64 1 4
 64 2 3
 64 4 4
 64 7 4
 64 8 4
 64 9 4
 64 12 4
 64 17 3
 64 38 3
 64 52 4
 64 56 4
 64 58 3
 64 62 3
 64 64 4
 64 69 4
 64 70 3
 64 71 4
 64 72 4
 64 77 3
 64 83 4
 64 93 3
 64 95 4
 64 96 4
 64 100 4
 64 125 3
 64 151 3
 64 154 4
 64 156 4
 64 157 4
 64 160 4
 64 161 4
 64 173 4
 64 175 4
 64 176 4
 64 181 4
 64 187 5
 64 199 4
 64 202 4
 64 211 4
 64 212 3
 64 214 3
 64 215 4
 64 216 4
 64 217 3
 64 222 4
 64 229 3
 64 230 4
 64 231 3
 64 232 3
 64 238 4
 64 239 4
 64 240 3
 64 284 3
 64 311 4
 64 318 4
 64 333 4
 64 367 3
 64 381 4
 64 385 4
 64 392 3
 64 403 4
 64 420 4
 64 429 4
 64 433 4
 64 447 4
 64 451 3
 64 476 3
 64 509 4
 64 515 4
 64 516 5
 64 527 4
 64 539 2
 64 566 4
 64 582 4
 64 633 4
 64 636 3
 64 662 4
 64 663 4
 64 684 4
 64 705 4
 64 731 3
 64 736 4
 64 746 4
 64 778 4
 64 879 3
 64 898 3
 64 959 4
 64 1063 2
 64 1133 4
 64 1139 1
 64 1141 5
 65 7 4
 65 47 3
 65 48 5
 65 56 4
 65 70 4
 65 97 4
 65 100 5
 65 121 4
 65 125 4
 65 135 4
 65 173 5
 65 191 4
 65 196 4
 65 197 5
 65 202 4
 65 210 4
 65 211 4
 65 216 4
 65 239 4
 65 318 5
 65 328 4
 65 427 5
 65 429 4
 65 435 5
 65 526 4
 65 582 4
 65 661 4
 65 676 4
 65 736 4
 65 806 4
 65 1129 4
 65 1142 4
 66 1 4
 66 7 4
 66 15 4
 66 21 2
 66 117 4
 66 181 4
 66 249 3
 66 258 4
 66 280 4
 66 281 3
 66 288 3
 66 298 4
 66 471 3
 66 475 4
 66 597 3
 66 742 3
 66 877 2
 67 1 4
 67 7 4
 67 64 5
 67 121 4
 67 122 2
 67 123 4
 67 147 4
 67 151 4
 67 240 3
 67 276 4
 67 405 3
 67 472 3
 67 743 3
 67 827 3
 67 833 3
 67 871 3
 67 1093 5
 67 1095 3
 68 7 3
 68 50 4
 68 117 3
 68 118 3
 68 125 2
 68 178 4
 68 237 3
 68 245 2
 68 282 3
 68 288 3
 68 405 3
 68 411 3
 68 471 3
 68 742 3
 68 1028 3
 68 1047 2
 69 9 4
 69 12 5
 69 48 4
 69 56 4
 69 100 5
 69 109 4
 69 129 4
 69 147 4
 69 150 4
 69 151 4
 69 174 5
 69 175 4
 69 240 3
 69 256 5
 69 258 4
 69 268 4
 69 300 4
 69 321 4
 69 333 4
 69 427 4
 69 508 4
 69 591 4
 69 689 3
 69 748 3
 69 1017 5
 69 1134 4
 69 1143 5
 70 48 4
 70 50 4
 70 69 3
 70 71 3
 70 82 3
 70 89 4
 70 96 4
 70 109 3
 70 121 3
 70 128 3
 70 139 3
 70 151 3
 70 152 4
 70 169 4
 70 176 4
 70 185 4
 70 186 4
 70 189 4
 70 191 4
 70 193 4
 70 197 4
 70 202 3
 70 206 3
 70 210 4
 70 211 4
 70 217 3
 70 228 4
 70 260 2
 70 265 4
 70 298 4
 70 338 2
 70 383 2
 70 398 2
 70 399 4
 70 417 3
 70 419 4
 70 423 4
 70 431 3
 70 432 3
 70 472 3
 70 482 4
 70 511 4
 70 527 4
 70 542 3
 70 546 3
 70 584 4
 70 588 4
 70 625 3
 70 746 4
 70 751 3
 70 762 3
 70 1035 4
 70 1065 3
 70 1133 3
 71 50 4
 71 56 4
 71 65 4
 71 89 4
 71 134 4
 71 135 4
 71 151 4
 71 154 4
 71 222 4
 71 276 4
 71 285 4
 71 289 3
 71 346 4
 71 462 4
 71 475 4
 71 923 5
 72 12 5
 72 28 4
 72 38 3
 72 45 4
 72 48 4
 72 51 4
 72 54 3
 72 64 5
 72 68 3
 72 70 4
 72 79 4
 72 82 4
 72 87 4
 72 89 4
 72 96 4
 72 100 5
 72 117 4
 72 121 4
 72 124 4
 72 127 4
 72 129 4
 72 135 4
 72 161 4
 72 172 4
 72 176 4
 72 177 4
 72 180 4
 72 181 4
 72 182 4
 72 195 4
 72 196 4
 72 203 4
 72 204 4
 72 210 4
 72 226 4
 72 230 4
 72 234 4
 72 265 4
 72 356 4
 72 357 4
 72 382 4
 72 423 4
 72 427 4
 72 435 5
 72 479 4
 72 480 4
 72 484 5
 72 504 4
 72 509 4
 72 515 4
 72 520 4
 72 527 4
 72 528 4
 72 530 4
 72 550 4
 72 566 4
 72 568 4
 72 581 4
 72 603 4
 72 644 4
 72 679 3
 72 699 4
 72 866 3
 72 1110 3
 73 7 4
 73 12 5
 73 28 4
 73 48 4
 73 56 4
 73 81 4
 73 89 4
 73 94 3
 73 100 4
 73 127 4
 73 156 4
 73 173 5
 73 180 4
 73 196 4
 73 202 4
 73 206 3
 73 271 3
 73 286 4
 73 288 3
 73 318 4
 73 357 4
 73 474 4
 73 475 4
 73 479 4
 73 480 4
 73 507 4
 73 518 4
 73 588 4
 73 657 4
 73 923 4
 73 1073 4
 73 1149 4
 74 9 4
 74 15 4
 74 100 4
 74 121 3
 74 124 4
 74 126 4
 74 129 4
 74 137 4
 74 150 4
 74 237 4
 74 272 4
 74 285 4
 74 288 3
 74 301 4
 74 324 4
 74 326 4
 74 333 4
 74 1084 4
 75 100 4
 75 108 3
 75 118 3
 75 121 3
 75 125 3
 75 137 4
 75 147 3
 75 151 3
 75 190 4
 75 237 3
 75 240 3
 75 271 3
 75 273 3
 75 284 3
 75 290 3
 75 291 3
 75 409 3
 75 410 3
 75 411 3
 75 472 3
 75 475 4
 75 476 2
 75 496 4
 75 546 3
 75 597 3
 75 696 3
 75 742 3
 75 820 3
 75 824 2
 75 952 3
 75 1001 1
 75 1017 4
 75 1047 2
 75 1150 4
 75 1151 2
 76 12 4
 76 23 4
 76 59 4
 76 61 4
 76 64 5
 76 89 4
 76 92 4
 76 98 4
 76 100 4
 76 121 3
 76 135 4
 76 150 4
 76 175 4
 76 197 4
 76 200 4
 76 258 4
 76 276 4
 76 286 4
 76 288 3
 76 325 3
 76 327 3
 76 333 4
 76 385 4
 76 421 4
 76 474 4
 76 518 4
 76 531 4
 76 582 4
 76 603 4
 76 690 3
 76 772 3
 76 811 4
 76 960 3
 76 1007 4
 76 1129 5
 76 1156 3
 76 1158 4
 77 4 4
 77 23 4
 77 50 4
 77 52 4
 77 69 4
 77 89 4
 77 91 3
 77 100 4
 77 125 3
 77 144 4
 77 153 4
 77 168 4
 77 172 4
 77 174 4
 77 176 4
 77 179 4
 77 181 4
 77 195 4
 77 210 4
 77 238 4
 77 265 4
 77 276 4
 77 357 4
 77 405 3
 77 431 3
 77 474 4
 77 483 4
 77 484 5
 77 498 4
 77 518 4
 77 523 4
 77 778 3
 77 1028 3
 78 255 4
 78 269 3
 78 289 3
 78 298 4
 78 323 2
 78 412 2
 78 1160 5
 79 6 4
 79 7 4
 79 13 4
 79 50 5
 79 100 5
 79 124 4
 79 137 4
 79 150 4
 79 246 5
 79 251 5
 79 262 5
 79 269 4
 79 286 4
 79 288 4
 79 290 4
 79 301 4
 79 303 4
 79 313 4
 79 325 3
 79 370 3
 79 508 4
 79 740 4
 79 813 4
 79 900 4
 79 937 4
 79 1008 4
 79 1017 4
 79 1161 2
 80 45 4
 80 50 4
 80 58 4
 80 87 4
 80 194 4
 80 199 4
 80 208 4
 80 215 4
 80 234 4
 80 269 4
 80 423 4
 80 466 4
 80 582 4
 80 699 4
 80 886 4
 81 3 3
 81 7 4
 81 93 3
 81 98 4
 81 118 3
 81 124 4
 81 147 3
 81 151 3
 81 169 4
 81 222 3
 81 273 3
 81 274 3
 81 280 3
 81 282 4
 81 318 4
 81 410 3
 81 411 3
 81 412 2
 81 432 3
 81 471 3
 81 476 2
 81 544 3
 81 595 3
 81 742 3
 81 756 2
 81 824 2
 81 926 2
 81 1028 2
 82 8 4
 82 11 3
 82 13 3
 82 14 4
 82 15 3
 82 25 3
 82 56 4
 82 64 4
 82 69 3
 82 70 3
 82 73 3
 82 103 2
 82 109 3
 82 127 4
 82 135 4
 82 140 3
 82 147 3
 82 151 3
 82 174 4
 82 178 4
 82 183 4
 82 185 3
 82 191 4
 82 194 4
 82 199 4
 82 202 3
 82 208 4
 82 216 3
 82 218 3
 82 220 2
 82 222 3
 82 225 3
 82 231 2
 82 240 2
 82 265 3
 82 275 3
 82 276 3
 82 281 3
 82 289 2
 82 294 3
 82 310 3
 82 343 2
 82 357 3
 82 405 3
 82 411 3
 82 413 1
 82 414 4
 82 455 3
 82 458 1
 82 472 3
 82 476 2
 82 477 3
 82 479 4
 82 480 3
 82 481 4
 82 482 4
 82 495 3
 82 504 4
 82 508 3
 82 513 4
 82 518 3
 82 519 4
 82 520 3
 82 527 3
 82 529 3
 82 596 3
 82 597 2
 82 657 4
 82 661 4
 82 671 2
 82 705 3
 82 717 2
 82 756 2
 82 919 3
 82 1001 1
 82 1028 2
 82 1033 2
 82 1101 4
 82 1126 3
 82 1134 2
 82 1162 1
 82 1164 2
 83 1 4
 83 22 4
 83 28 4
 83 35 1
 83 43 3
 83 63 3
 83 77 3
 83 78 2
 83 82 3
 83 94 3
 83 95 4
 83 97 3
 83 105 3
 83 106 3
 83 110 3
 83 117 4
 83 118 3
 83 122 2
 83 125 3
 83 139 3
 83 181 4
 83 186 4
 83 210 4
 83 215 4
 83 216 4
 83 234 4
 83 252 3
 83 254 2
 83 255 4
 83 265 4
 83 281 3
 83 294 3
 83 301 3
 83 323 3
 83 338 3
 83 364 1
 83 385 4
 83 391 2
 83 405 3
 83 407 1
 83 412 2
 83 413 2
 83 423 4
 83 452 3
 83 465 3
 83 468 4
 83 471 3
 83 476 3
 83 543 2
 83 568 4
 83 575 3
 83 576 3
 83 609 3
 83 623 3
 83 631 3
 83 640 3
 83 660 4
 83 663 4
 83 684 4
 83 685 3
 83 692 3
 83 720 3
 83 722 4
 83 748 3
 83 768 4
 83 783 4
 83 795 3
 83 866 3
 83 892 3
 83 929 3
 83 932 3
 83 977 3
 83 1028 3
 83 1035 4
 83 1043 3
 83 1101 3
 83 1165 2
 84 7 4
 84 12 5
 84 31 4
 84 64 5
 84 121 4
 84 148 4
 84 151 4
 84 194 4
 84 222 4
 84 237 4
 84 265 4
 84 284 3
 84 289 3
 84 291 3
 84 322 3
 84 385 4
 84 405 3
 84 523 4
 84 528 5
 84 529 4
 84 742 4
 84 748 3
 84 879 3
 84 1033 4
 84 1040 3
 85 8 4
 85 13 4
 85 25 3
 85 45 4
 85 51 3
 85 53 3
 85 56 4
 85 58 3
 85 70 4
 85 71 4
 85 83 4
 85 86 4
 85 89 4
 85 94 3
 85 95 4
 85 97 3
 85 98 4
 85 108 3
 85 124 4
 85 127 4
 85 133 4
 85 154 4
 85 157 4
 85 160 3
 85 163 3
 85 175 4
 85 179 4
 85 187 5
 85 192 4
 85 199 4
 85 203 4
 85 208 4
 85 209 4
 85 211 4
 85 212 3
 85 213 4
 85 215 4
 85 216 4
 85 228 4
 85 234 4
 85 237 4
 85 241 3
 85 250 4
 85 259 3
 85 268 4
 85 269 4
 85 272 4
 85 275 4
 85 277 3
 85 282 3
 85 283 4
 85 286 4
 85 289 3
 85 298 4
 85 300 4
 85 317 3
 85 318 4
 85 327 3
 85 340 4
 85 372 4
 85 380 4
 85 382 3
 85 389 3
 85 404 4
 85 414 4
 85 417 3
 85 418 3
 85 420 4
 85 425 4
 85 427 4
 85 433 4
 85 443 4
 85 449 3
 85 451 3
 85 464 4
 85 479 4
 85 480 4
 85 488 4
 85 492 4
 85 498 4
 85 499 4
 85 501 3
 85 502 4
 85 507 4
 85 508 3
 85 509 4
 85 511 4
 85 514 4
 85 517 4
 85 523 4
 85 528 4
 85 530 4
 85 566 4
 85 568 4
 85 588 4
 85 604 4
 85 622 3
 85 629 3
 85 632 3
 85 639 3
 85 642 4
 85 647 4
 85 655 4
 85 658 3
 85 660 4
 85 661 4
 85 690 3
 85 692 3
 85 702 3
 85 708 3
 85 709 4
 85 792 4
 85 842 3
 85 855 3
 85 971 3
 85 984 2
 85 1009 3
 85 1021 3
 85 1065 3
 85 1074 3
 85 1098 4
 85 1101 4
 85 1131 4
 85 1137 4
 85 1149 3
 85 1153 3
 85 1167 3
 85 1168 3
 85 1169 4
 86 258 4
 86 286 4
 86 288 3
 86 289 3
 86 300 4
 86 319 3
 86 327 3
 86 872 3
 86 879 3
 86 881 3
 86 889 4
 86 1175 5
 87 2 4
 87 4 4
 87 7 4
 87 8 4
 87 9 4
 87 25 4
 87 33 3
 87 39 4
 87 40 3
 87 55 4
 87 63 3
 87 64 5
 87 67 3
 87 68 3
 87 70 4
 87 73 4
 87 79 4
 87 82 4
 87 87 4
 87 88 4
 87 90 2
 87 96 4
 87 97 4
 87 118 4
 87 120 3
 87 135 4
 87 154 4
 87 157 4
 87 161 4
 87 163 4
 87 177 4
 87 182 4
 87 183 4
 87 186 4
 87 192 4
 87 196 4
 87 201 3
 87 208 4
 87 209 5
 87 210 4
 87 211 4
 87 229 4
 87 231 3
 87 233 4
 87 238 4
 87 239 4
 87 254 3
 87 274 4
 87 300 4
 87 303 4
 87 318 4
 87 367 4
 87 382 4
 87 384 3
 87 385 4
 87 386 3
 87 393 4
 87 401 3
 87 403 4
 87 409 3
 87 411 4
 87 491 4
 87 515 4
 87 519 4
 87 521 4
 87 523 4
 87 550 4
 87 554 3
 87 566 4
 87 568 4
 87 576 3
 87 585 4
 87 628 4
 87 629 3
 87 651 4
 87 679 3
 87 684 4
 87 702 3
 87 705 4
 87 732 4
 87 775 3
 87 790 4
 87 796 4
 87 810 3
 87 996 3
 87 1000 3
 87 1016 3
 87 1047 3
 87 1072 3
 87 1074 3
 87 1079 2
 87 1089 2
 87 1182 3
 87 1183 3
 87 1184 3
 87 1187 2
 87 1189 5
 87 1190 4
 88 261 4
 88 301 4
 88 302 4
 88 315 4
 88 321 4
 88 690 4
 88 750 4
 88 881 3
 88 886 4
 88 904 4
 89 14 4
 89 26 4
 89 83 4
 89 93 4
 89 117 4
 89 121 4
 89 127 5
 89 150 4
 89 151 4
 89 197 5
 89 212 4
 89 213 4
 89 216 4
 89 221 3
 89 246 5
 89 257 4
 89 268 4
 89 277 4
 89 283 4
 89 381 4
 89 387 4
 89 517 4
 89 694 5
 89 707 5
 89 716 4
 89 732 4
 89 737 2
 89 739 3
 89 762 3
 89 813 4
 89 815 4
 89 845 4
 89 936 5
 89 949 3
 89 952 3
 89 1048 3
 90 6 5
 90 9 5
 90 11 4
 90 12 5
 90 14 5
 90 17 4
 90 22 5
 90 25 4
 90 30 5
 90 31 4
 90 33 4
 90 42 5
 90 45 4
 90 79 5
 90 83 5
 90 86 5
 90 96 5
 90 98 5
 90 100 5
 90 131 4
 90 132 5
 90 143 4
 90 148 3
 90 149 3
 90 150 4
 90 155 4
 90 166 4
 90 177 4
 90 178 5
 90 179 5
 90 180 4
 90 182 4
 90 185 5
 90 187 5
 90 190 5
 90 191 5
 90 197 5
 90 199 5
 90 202 4
 90 203 5
 90 213 5
 90 237 4
 90 241 4
 90 245 3
 90 258 5
 90 259 3
 90 269 4
 90 272 5
 90 287 4
 90 289 3
 90 301 4
 90 307 4
 90 311 4
 90 312 4
 90 313 5
 90 318 5
 90 323 3
 90 328 4
 90 347 4
 90 354 4
 90 357 5
 90 367 4
 90 382 4
 90 421 4
 90 423 5
 90 425 4
 90 433 4
 90 435 5
 90 471 4
 90 475 5
 90 478 5
 90 483 5
 90 486 4
 90 489 5
 90 494 5
 90 499 5
 90 501 4
 90 506 5
 90 507 4
 90 512 4
 90 514 4
 90 517 4
 90 518 4
 90 521 4
 90 526 4
 90 529 4
 90 547 3
 90 553 3
 90 602 4
 90 603 5
 90 604 5
 90 611 5
 90 613 4
 90 614 4
 90 618 4
 90 631 4
 90 648 5
 90 652 4
 90 657 5
 90 659 4
 90 662 5
 90 690 4
 90 692 4
 90 693 3
 90 705 5
 90 707 5
 90 713 4
 90 739 4
 90 813 4
 90 821 3
 90 855 5
 90 879 3
 90 900 4
 90 903 4
 90 904 4
 90 906 3
 90 923 5
 90 945 5
 90 958 4
 90 962 2
 90 964 5
 90 966 5
 90 971 4
 90 995 4
 90 1020 4
 90 1048 3
 90 1086 4
 90 1101 4
 90 1109 3
 90 1125 4
 90 1193 4
 90 1194 4
 90 1197 4
 90 1198 5
 90 1200 4
 90 1206 2
 91 28 4
 91 64 5
 91 82 4
 91 97 4
 91 99 4
 91 131 3
 91 134 4
 91 161 4
 91 172 4
 91 174 5
 91 181 4
 91 193 4
 91 195 5
 91 230 4
 91 234 4
 91 264 3
 91 265 4
 91 289 3
 91 313 4
 91 318 5
 91 322 3
 91 323 3
 91 326 4
 91 327 4
 91 331 4
 91 338 3
 91 351 4
 91 357 4
 91 423 4
 91 427 4
 91 435 4
 91 479 4
 91 480 4
 91 482 4
 91 484 5
 91 504 4
 91 507 4
 91 510 4
 91 515 5
 91 526 4
 91 529 4
 91 616 4
 91 618 3
 91 682 2
 91 683 3
 91 689 4
 91 748 3
 91 1050 3
 92 2 3
 92 11 3
 92 15 3
 92 22 4
 92 24 3
 92 28 3
 92 31 4
 92 32 3
 92 42 4
 92 43 3
 92 46 4
 92 48 4
 92 53 3
 92 62 3
 92 66 3
 92 67 3
 92 73 3
 92 77 3
 92 79 4
 92 81 3
 92 85 3
 92 87 4
 92 88 3
 92 89 4
 92 93 3
 92 94 3
 92 96 4
 92 98 4
 92 101 2
 92 102 2
 92 106 3
 92 109 3
 92 115 3
 92 121 3
 92 123 3
 92 124 3
 92 129 3
 92 132 4
 92 134 4
 92 135 4
 92 144 3
 92 148 3
 92 154 4
 92 159 3
 92 161 3
 92 164 4
 92 168 4
 92 172 4
 92 173 4
 92 175 4
 92 176 4
 92 180 4
 92 181 4
 92 183 4
 92 184 3
 92 189 4
 92 190 4
 92 191 4
 92 196 4
 92 201 3
 92 203 4
 92 209 4
 92 214 3
 92 215 3
 92 216 3
 92 219 4
 92 220 1
 92 223 4
 92 226 3
 92 229 3
 92 238 4
 92 241 3
 92 248 4
 92 249 3
 92 252 3
 92 273 3
 92 276 4
 92 278 3
 92 281 3
 92 288 3
 92 289 2
 92 291 3
 92 295 3
 92 313 4
 92 318 4
 92 328 3
 92 367 3
 92 376 3
 92 386 3
 92 393 3
 92 403 3
 92 410 3
 92 412 2
 92 423 3
 92 431 3
 92 453 1
 92 455 3
 92 463 4
 92 471 3
 92 475 4
 92 476 2
 92 501 3
 92 508 4
 92 515 4
 92 518 4
 92 521 3
 92 527 3
 92 528 4
 92 531 4
 92 540 2
 92 551 2
 92 552 3
 92 559 3
 92 561 3
 92 568 3
 92 576 2
 92 581 4
 92 582 4
 92 587 3
 92 595 3
 92 596 2
 92 619 4
 92 628 3
 92 640 4
 92 655 4
 92 660 4
 92 663 3
 92 665 3
 92 672 3
 92 673 4
 92 678 3
 92 692 3
 92 709 3
 92 712 3
 92 715 3
 92 717 2
 92 720 3
 92 722 3
 92 725 3
 92 727 3
 92 728 3
 92 731 4
 92 739 2
 92 747 3
 92 748 3
 92 756 2
 92 763 3
 92 778 3
 92 781 3
 92 785 3
 92 790 3
 92 794 3
 92 802 2
 92 820 2
 92 825 3
 92 831 2
 92 834 1
 92 845 3
 92 846 3
 92 925 3
 92 928 3
 92 930 2
 92 931 1
 92 947 4
 92 955 4
 92 961 4
 92 963 5
 92 977 2
 92 986 2
 92 1012 4
 92 1014 3
 92 1016 3
 92 1033 2
 92 1041 3
 92 1047 2
 92 1049 2
 92 1079 3
 92 1095 2
 92 1142 4
 92 1207 3
 92 1209 1
 92 1212 3
 92 1213 2
 92 1215 2
 93 15 4
 93 125 3
 93 222 3
 93 235 3
 93 275 4
 93 412 2
 93 476 2
 93 477 3
 93 815 3
 93 820 3
 93 845 3


